[S19] empirical c_b(Y) = <F_b(p,Y) ln Y - ln p>, primes p in [20000, 400000): 31598 primes
    b    Y=100  p (+-se)   Y=1000 p (+-se)   Y=3000 p (+-se)
    2     0.900 (0.039)       0.959 (0.049)       0.895 (0.054)   
    3     0.474 (0.040)       0.443 (0.050)       0.423 (0.055)   
    5     1.045 (0.038)       1.063 (0.049)       1.070 (0.054)   
    6     0.543 (0.040)       0.587 (0.050)       0.597 (0.054)   
    7     0.498 (0.040)       0.487 (0.050)       0.506 (0.055)   
   10     0.542 (0.040)       0.554 (0.050)       0.524 (0.054)   
   11     0.508 (0.040)       0.473 (0.050)       0.462 (0.055)   
   12     0.466 (0.040)       0.428 (0.050)       0.445 (0.055)   
   13     0.703 (0.040)       0.667 (0.050)       0.681 (0.054)   
   14     0.525 (0.040)       0.533 (0.050)       0.512 (0.055)   
   15     0.558 (0.040)       0.537 (0.050)       0.526 (0.054)   
   17     0.724 (0.040)       0.755 (0.050)       0.732 (0.054)   
   18     0.869 (0.039)       0.861 (0.050)       0.838 (0.054)   
   19     0.517 (0.040)       0.538 (0.050)       0.520 (0.054)   
   20     1.099 (0.038)       1.106 (0.049)       1.096 (0.054)   
